







"Parameters:"






"Records:"
"collection_no","accepted_no"
"11798","116932"
"19015","51572"
"19034","51572"
"20062","41258"
"32191","41192"
"40113","43843"
"41025","41258"
"41026","41258"
"41027","41258"
"42588","41192"
"49360","41258"
"26574","83132"
"69711","41192"
"70805","97190"
"36143","51572"
"78514","116930"
"48093","43843"
"19515","43733"
"75481","41192"
"75481","41264"
"136269","41192"
"179812","41192"
"181725","346772"
"181729","346772"
